0 0.2841796875 0.5240885416666666 0.01171875 0.014322916666666666
0 0.302978515625 0.5374348958333333 0.01123046875 0.014973958333333332
0 0.320556640625 0.5504557291666666 0.01220703125 0.013671875
0 0.338623046875 0.564453125 0.01123046875 0.014322916666666666
0 0.35693359375 0.5771484375 0.01171875 0.014973958333333332
0 0.375732421875 0.5904947916666666 0.01123046875 0.014322916666666666
0 0.393798828125 0.603515625 0.01123046875 0.015625
0 0.338134765625 0.3916015625 0.01220703125 0.014973958333333332
0 0.411865234375 0.6168619791666666 0.01025390625 0.013671875
0 0.43017578125 0.6302083333333333 0.0107421875 0.014322916666666666
0 0.44775390625 0.6429036458333333 0.0107421875 0.012369791666666666
0 0.4658203125 0.6565755208333333 0.0107421875 0.013671875
0 0.484375 0.669921875 0.0107421875 0.014322916666666666
0 0.501953125 0.6829427083333333 0.01171875 0.013020833333333332
0 0.52001953125 0.6966145833333333 0.0107421875 0.013020833333333332
0 0.53759765625 0.7099609375 0.0107421875 0.013671875
0 0.5556640625 0.7236328125 0.01171875 0.014973958333333332
0 0.57373046875 0.7376302083333333 0.01171875 0.015625
0 0.59228515625 0.7503255208333333 0.01171875 0.014973958333333332
0 0.61083984375 0.7633463541666666 0.0107421875 0.014973958333333332
0 0.66552734375 0.6328125 0.0107421875 0.014322916666666666
0 0.647705078125 0.619140625 0.01123046875 0.014322916666666666
0 0.629150390625 0.6061197916666666 0.01220703125 0.014322916666666666
0 0.61083984375 0.591796875 0.0107421875 0.015625
0 0.5927734375 0.5791015625 0.0107421875 0.014973958333333332
0 0.574462890625 0.5654296875 0.01220703125 0.014973958333333332
0 0.556640625 0.5520833333333333 0.0107421875 0.014322916666666666
0 0.5380859375 0.5384114583333333 0.01171875 0.014322916666666666
0 0.520751953125 0.5247395833333333 0.01220703125 0.014322916666666666
0 0.501953125 0.5120442708333333 0.0107421875 0.014973958333333332
0 0.48486328125 0.4983723958333333 0.0107421875 0.013671875
0 0.466064453125 0.4856770833333333 0.01220703125 0.014322916666666666
0 0.44775390625 0.47233072916666663 0.01171875 0.014973958333333332
0 0.429931640625 0.45865885416666663 0.01123046875 0.013671875
0 0.411865234375 0.4456380208333333 0.01220703125 0.016276041666666664
0 0.3935546875 0.4319661458333333 0.01171875 0.014973958333333332
0 0.375244140625 0.4189453125 0.01123046875 0.014973958333333332
0 0.35693359375 0.4052734375 0.01171875 0.014973958333333332
