0 0.174089 0.134028 0.017969 0.031019
0 0.175781 0.183565 0.014583 0.028241
0 0.176563 0.23125 0.015104 0.031944
0 0.177083 0.277778 0.014063 0.028704
0 0.177734 0.324769 0.01276 0.031019
0 0.178255 0.373611 0.013802 0.028704
0 0.179948 0.421528 0.015104 0.029167
0 0.180729 0.470602 0.013542 0.03287
0 0.18151 0.516435 0.014063 0.031019
0 0.395313 0.5125 0.014583 0.033333
0 0.394792 0.466435 0.013542 0.03287
0 0.394141 0.419676 0.013281 0.029167
0 0.394141 0.371296 0.013281 0.027778
0 0.392969 0.325231 0.015625 0.031944
0 0.392969 0.276389 0.015625 0.02963
0 0.392188 0.228472 0.015104 0.031944
0 0.391406 0.180093 0.014583 0.035185
0 0.390755 0.132176 0.015885 0.03287
