0 0.402587890625 0.32486979166666663 0.01220703125 0.01171875
0 0.406494140625 0.35221354166666663 0.01220703125 0.014322916666666666
0 0.41015625 0.3802083333333333 0.01171875 0.013020833333333332
0 0.41357421875 0.40787760416666663 0.01171875 0.013671875
0 0.417236328125 0.4345703125 0.01123046875 0.014973958333333332
0 0.421142578125 0.4619140625 0.01123046875 0.013671875
0 0.424560546875 0.4886067708333333 0.01220703125 0.013671875
0 0.427734375 0.5159505208333333 0.0107421875 0.012369791666666666
0 0.431640625 0.5432942708333333 0.0107421875 0.012369791666666666
0 0.434814453125 0.5699869791666666 0.01220703125 0.013671875
0 0.438720703125 0.5966796875 0.01123046875 0.012369791666666666
0 0.442138671875 0.6246744791666666 0.01123046875 0.013671875
0 0.445556640625 0.6510416666666666 0.01123046875 0.013020833333333332
0 0.44873046875 0.6783854166666666 0.0107421875 0.013020833333333332
0 0.452392578125 0.7054036458333333 0.01123046875 0.012369791666666666
0 0.455322265625 0.7320963541666666 0.01123046875 0.013671875
0 0.458984375 0.7594401041666666 0.0107421875 0.013671875
0 0.46240234375 0.7867838541666666 0.0107421875 0.013671875
0 0.4658203125 0.8138020833333333 0.01171875 0.01171875
0 0.51513671875 0.298828125 0.0107421875 0.01171875
0 0.518798828125 0.326171875 0.01123046875 0.014322916666666666
0 0.522216796875 0.353515625 0.01123046875 0.013020833333333332
0 0.525390625 0.3811848958333333 0.0107421875 0.013671875
0 0.528076171875 0.4091796875 0.01220703125 0.013671875
0 0.532470703125 0.4365234375 0.01123046875 0.013671875
0 0.53564453125 0.4638671875 0.01171875 0.014973958333333332
0 0.539306640625 0.49088541666666663 0.01220703125 0.013020833333333332
0 0.54248046875 0.517578125 0.01171875 0.013020833333333332
0 0.54638671875 0.5442708333333333 0.0107421875 0.014322916666666666
0 0.549072265625 0.5716145833333333 0.01123046875 0.014322916666666666
0 0.552978515625 0.5992838541666666 0.01123046875 0.012369791666666666
0 0.55615234375 0.6259765625 0.0107421875 0.013671875
0 0.5595703125 0.6529947916666666 0.0107421875 0.014322916666666666
0 0.56298828125 0.6806640625 0.01171875 0.013671875
0 0.56640625 0.7073567708333333 0.01171875 0.013671875
0 0.570068359375 0.734375 0.01123046875 0.014322916666666666
0 0.573974609375 0.76171875 0.01123046875 0.013020833333333332
0 0.577392578125 0.7890625 0.01123046875 0.013020833333333332
