0 0.3427734375 0.45703125 0.01171875 0.014322916666666666
0 0.35546875 0.4794921875 0.01171875 0.013671875
0 0.368408203125 0.5009765625 0.01123046875 0.013671875
0 0.380126953125 0.5231119791666666 0.01025390625 0.013671875
0 0.393798828125 0.5452473958333333 0.01123046875 0.013671875
0 0.406005859375 0.5673828125 0.01123046875 0.012369791666666666
0 0.418212890625 0.5888671875 0.01123046875 0.012369791666666666
0 0.43115234375 0.6110026041666666 0.0107421875 0.013671875
0 0.443359375 0.6331380208333333 0.0107421875 0.013671875
0 0.45556640625 0.6546223958333333 0.0107421875 0.012369791666666666
0 0.46826171875 0.6764322916666666 0.0107421875 0.013020833333333332
0 0.480712890625 0.6982421875 0.01123046875 0.012369791666666666
0 0.492919921875 0.7203776041666666 0.01123046875 0.012369791666666666
0 0.505126953125 0.7425130208333333 0.01123046875 0.013671875
0 0.517578125 0.7652994791666666 0.0107421875 0.014973958333333332
0 0.52978515625 0.7864583333333333 0.0107421875 0.014322916666666666
0 0.542236328125 0.8079427083333333 0.01123046875 0.014322916666666666
0 0.5546875 0.8307291666666666 0.0107421875 0.014322916666666666
0 0.5673828125 0.8525390625 0.0107421875 0.013671875
0 0.658203125 0.7633463541666666 0.009765625 0.012369791666666666
0 0.645751953125 0.7405598958333333 0.01025390625 0.012369791666666666
0 0.6328125 0.7194010416666666 0.0107421875 0.014322916666666666
0 0.62060546875 0.6969401041666666 0.01171875 0.013671875
0 0.60791015625 0.6748046875 0.0107421875 0.012369791666666666
0 0.5947265625 0.65234375 0.0107421875 0.013020833333333332
0 0.582763671875 0.6302083333333333 0.01123046875 0.013020833333333332
0 0.5703125 0.6083984375 0.0107421875 0.012369791666666666
0 0.55810546875 0.5862630208333333 0.0107421875 0.013671875
0 0.545654296875 0.5647786458333333 0.01025390625 0.013671875
0 0.533447265625 0.5423177083333333 0.01025390625 0.01171875
0 0.5205078125 0.5208333333333333 0.01171875 0.01171875
0 0.508544921875 0.49869791666666663 0.01025390625 0.013020833333333332
0 0.49609375 0.47623697916666663 0.009765625 0.012369791666666666
0 0.48388671875 0.4544270833333333 0.009765625 0.010416666666666666
0 0.47119140625 0.43326822916666663 0.01171875 0.012369791666666666
0 0.45849609375 0.4111328125 0.01171875 0.014973958333333332
0 0.446044921875 0.3880208333333333 0.01025390625 0.013020833333333332
0 0.432861328125 0.3665364583333333 0.01220703125 0.014322916666666666
