0 0.306640625 0.5826822916666666 0.0107421875 0.014322916666666666
0 0.3251953125 0.5950520833333333 0.0107421875 0.01171875
0 0.34423828125 0.6077473958333333 0.0126953125 0.014973958333333332
0 0.3623046875 0.6204427083333333 0.01171875 0.014322916666666666
0 0.380615234375 0.6328125 0.01123046875 0.014322916666666666
0 0.39892578125 0.6451822916666666 0.01171875 0.013020833333333332
0 0.417236328125 0.658203125 0.01123046875 0.013020833333333332
0 0.435546875 0.6705729166666666 0.01171875 0.013020833333333332
0 0.4541015625 0.6839192708333333 0.01171875 0.013671875
0 0.472412109375 0.6956380208333333 0.01123046875 0.013671875
0 0.490966796875 0.7086588541666666 0.01220703125 0.014973958333333332
0 0.509033203125 0.7213541666666666 0.01123046875 0.014322916666666666
0 0.52734375 0.7347005208333333 0.01171875 0.014973958333333332
0 0.545654296875 0.7464192708333333 0.01318359375 0.016276041666666664
0 0.56396484375 0.7594401041666666 0.01171875 0.013671875
0 0.582763671875 0.7724609375 0.01123046875 0.014973958333333332
0 0.600830078125 0.7854817708333333 0.01318359375 0.014973958333333332
0 0.619384765625 0.7978515625 0.01220703125 0.014973958333333332
0 0.637939453125 0.8115234375 0.01025390625 0.016276041666666664
0 0.3583984375 0.44921875 0.0126953125 0.014322916666666666
0 0.37646484375 0.4609375 0.0126953125 0.013020833333333332
0 0.395751953125 0.4739583333333333 0.01220703125 0.014322916666666666
0 0.413818359375 0.4866536458333333 0.01220703125 0.013671875
0 0.4326171875 0.4993489583333333 0.01171875 0.014322916666666666
0 0.451171875 0.5123697916666666 0.0126953125 0.014322916666666666
0 0.469482421875 0.5250651041666666 0.01220703125 0.014973958333333332
0 0.487548828125 0.5377604166666666 0.01123046875 0.014322916666666666
0 0.505615234375 0.5501302083333333 0.01123046875 0.013020833333333332
0 0.524169921875 0.5631510416666666 0.01123046875 0.014322916666666666
0 0.54248046875 0.5755208333333333 0.01171875 0.014322916666666666
0 0.56103515625 0.5882161458333333 0.01171875 0.014973958333333332
0 0.579345703125 0.6009114583333333 0.01318359375 0.013020833333333332
0 0.59765625 0.6145833333333333 0.01171875 0.014322916666666666
0 0.616455078125 0.6266276041666666 0.01220703125 0.014973958333333332
0 0.63525390625 0.638671875 0.0126953125 0.014322916666666666
0 0.653564453125 0.65234375 0.01220703125 0.015625
0 0.671630859375 0.6653645833333333 0.01123046875 0.014322916666666666
0 0.690185546875 0.6787109375 0.01123046875 0.014973958333333332
