0 0.273177 0.643056 0.021354 0.033333
0 0.290234 0.678935 0.021094 0.034722
0 0.307552 0.715972 0.020833 0.031944
0 0.322786 0.752546 0.019531 0.036574
0 0.338932 0.791204 0.019531 0.034259
0 0.355339 0.825694 0.019531 0.033796
0 0.370964 0.8625 0.021615 0.034259
0 0.386849 0.898148 0.01901 0.036111
0 0.402604 0.937037 0.020833 0.035185
0 0.441667 0.411343 0.019792 0.033796
0 0.458073 0.449769 0.020313 0.03287
0 0.473828 0.48588 0.020052 0.03287
0 0.489714 0.523148 0.020573 0.037963
0 0.505599 0.559028 0.020052 0.033796
0 0.521745 0.596528 0.01901 0.035648
0 0.53763 0.634028 0.01901 0.036574
0 0.553125 0.669213 0.020833 0.034722
0 0.569922 0.706944 0.019531 0.02963
