0 0.629818 0.568056 0.014323 0.030556
0 0.63125 0.615278 0.013021 0.032407
0 0.63125 0.662037 0.014063 0.028704
0 0.631641 0.709259 0.013802 0.02963
0 0.631901 0.756481 0.014323 0.028704
0 0.632682 0.802083 0.014323 0.030093
0 0.632943 0.846528 0.013802 0.029167
0 0.633333 0.894676 0.013021 0.029167
0 0.633724 0.941667 0.014844 0.030556
0 0.847135 0.561343 0.013542 0.031944
0 0.847005 0.60787 0.014323 0.030556
0 0.847526 0.656019 0.01276 0.031481
0 0.847266 0.702083 0.013802 0.031944
0 0.847135 0.750231 0.013542 0.033796
0 0.847266 0.795833 0.014844 0.032407
0 0.846875 0.843056 0.013021 0.030556
0 0.846615 0.888426 0.015104 0.030556
0 0.846745 0.936111 0.015885 0.033333
