0 0.4658203125 0.09049479166666666 0.0126953125 0.015625
0 0.482177734375 0.1083984375 0.01220703125 0.013671875
0 0.499267578125 0.1259765625 0.01220703125 0.014973958333333332
0 0.3955078125 0.21614583333333331 0.0126953125 0.015625
0 0.412109375 0.23372395833333331 0.0107421875 0.014322916666666666
0 0.4287109375 0.2513020833333333 0.0107421875 0.013020833333333332
0 0.445068359375 0.2685546875 0.01123046875 0.014973958333333332
0 0.46240234375 0.28580729166666663 0.0107421875 0.014322916666666666
0 0.478759765625 0.30338541666666663 0.01025390625 0.015625
0 0.494873046875 0.32096354166666663 0.01123046875 0.014322916666666666
0 0.511474609375 0.337890625 0.01123046875 0.013020833333333332
0 0.52783203125 0.35514322916666663 0.01171875 0.013671875
0 0.544677734375 0.37174479166666663 0.01025390625 0.014322916666666666
0 0.560546875 0.38932291666666663 0.0107421875 0.014322916666666666
0 0.5771484375 0.4055989583333333 0.01171875 0.014322916666666666
0 0.59375 0.4231770833333333 0.01171875 0.013020833333333332
0 0.610107421875 0.4397786458333333 0.01220703125 0.013671875
0 0.626953125 0.4573567708333333 0.01171875 0.013671875
0 0.642822265625 0.4739583333333333 0.01220703125 0.013020833333333332
0 0.6591796875 0.49186197916666663 0.01171875 0.014973958333333332
0 0.676025390625 0.5091145833333333 0.01220703125 0.014322916666666666
0 0.692138671875 0.5257161458333333 0.01123046875 0.013671875
0 0.764892578125 0.40494791666666663 0.01220703125 0.013020833333333332
0 0.748291015625 0.38736979166666663 0.01220703125 0.013020833333333332
0 0.732421875 0.37076822916666663 0.0107421875 0.013671875
0 0.715087890625 0.353515625 0.01220703125 0.014322916666666666
0 0.698486328125 0.33561197916666663 0.01220703125 0.016276041666666664
0 0.681884765625 0.3193359375 0.01220703125 0.016276041666666664
0 0.665283203125 0.3011067708333333 0.01123046875 0.013671875
0 0.64892578125 0.2841796875 0.01171875 0.014973958333333332
0 0.632080078125 0.26627604166666663 0.01220703125 0.014322916666666666
0 0.61572265625 0.24967447916666666 0.0107421875 0.013671875
0 0.59912109375 0.232421875 0.01171875 0.013020833333333332
0 0.582275390625 0.21484375 0.01123046875 0.015625
0 0.565673828125 0.197265625 0.01123046875 0.014322916666666666
0 0.548583984375 0.1796875 0.01123046875 0.015625
0 0.5322265625 0.162109375 0.01171875 0.016927083333333332
0 0.515380859375 0.14420572916666666 0.01123046875 0.016276041666666664
