0 0.420833 0.249769 0.021354 0.034722
0 0.437891 0.285648 0.020052 0.036111
0 0.455339 0.321759 0.021615 0.02963
0 0.471354 0.360648 0.019792 0.033333
0 0.488672 0.39375 0.021615 0.03287
0 0.505469 0.431019 0.021354 0.031481
0 0.522135 0.466898 0.021875 0.03287
0 0.538151 0.504167 0.020052 0.035185
0 0.555208 0.537731 0.019792 0.031944
0 0.257031 0.490509 0.020833 0.038426
0 0.274479 0.525463 0.020313 0.036111
0 0.291536 0.560417 0.020573 0.03287
0 0.308203 0.596528 0.019531 0.03287
0 0.32526 0.63125 0.020833 0.033796
0 0.341927 0.669676 0.020313 0.0375
0 0.359375 0.705324 0.021354 0.033796
0 0.375391 0.741667 0.022135 0.034259
0 0.392318 0.776157 0.021094 0.034722
