0 0.30712890625 0.7014973958333333 0.01171875 0.012369791666666666
0 0.327880859375 0.6985677083333333 0.01123046875 0.013020833333333332
0 0.34912109375 0.6946614583333333 0.0107421875 0.01171875
0 0.369384765625 0.69140625 0.01025390625 0.013020833333333332
0 0.39013671875 0.6881510416666666 0.0107421875 0.013020833333333332
0 0.410400390625 0.6848958333333333 0.01123046875 0.01171875
0 0.430908203125 0.6822916666666666 0.01123046875 0.013020833333333332
0 0.451904296875 0.6783854166666666 0.01123046875 0.013020833333333332
0 0.471923828125 0.6761067708333333 0.01025390625 0.012369791666666666
0 0.49267578125 0.6728515625 0.0107421875 0.013671875
0 0.5126953125 0.669921875 0.0107421875 0.013020833333333332
0 0.533203125 0.6673177083333333 0.01171875 0.013020833333333332
0 0.5546875 0.6640625 0.01171875 0.014322916666666666
0 0.574462890625 0.6611328125 0.01220703125 0.014973958333333332
0 0.5947265625 0.6578776041666666 0.01171875 0.013671875
0 0.615478515625 0.6546223958333333 0.01220703125 0.012369791666666666
0 0.63623046875 0.6520182291666666 0.01171875 0.012369791666666666
0 0.656982421875 0.6490885416666666 0.01123046875 0.013020833333333332
0 0.677734375 0.646484375 0.0107421875 0.013020833333333332
0 0.665771484375 0.4951171875 0.01123046875 0.012369791666666666
0 0.64501953125 0.4990234375 0.0107421875 0.013671875
0 0.62353515625 0.501953125 0.0107421875 0.014322916666666666
0 0.603515625 0.5045572916666666 0.0107421875 0.014322916666666666
0 0.582763671875 0.5071614583333333 0.01123046875 0.013020833333333332
0 0.5615234375 0.5104166666666666 0.01171875 0.013020833333333332
0 0.540771484375 0.513671875 0.01123046875 0.013020833333333332
0 0.520751953125 0.5166015625 0.01025390625 0.012369791666666666
0 0.500244140625 0.5201822916666666 0.01123046875 0.01171875
0 0.479248046875 0.5231119791666666 0.01123046875 0.013671875
0 0.459228515625 0.5263671875 0.01123046875 0.012369791666666666
0 0.438232421875 0.5296223958333333 0.01220703125 0.013671875
0 0.41796875 0.5338541666666666 0.01171875 0.014322916666666666
0 0.3974609375 0.5361328125 0.0107421875 0.013671875
0 0.37646484375 0.5393880208333333 0.0107421875 0.013671875
0 0.355712890625 0.5426432291666666 0.01220703125 0.013671875
0 0.33544921875 0.5455729166666666 0.0107421875 0.014322916666666666
0 0.314697265625 0.548828125 0.01025390625 0.01171875
0 0.293701171875 0.5514322916666666 0.01123046875 0.013020833333333332
