0 0.445443 0.066204 0.014844 0.031481
0 0.449479 0.115278 0.016146 0.031481
0 0.452083 0.165741 0.016146 0.031481
0 0.454687 0.214352 0.016667 0.032407
0 0.457161 0.2625 0.015885 0.030556
0 0.459635 0.310648 0.015625 0.031481
0 0.463281 0.35787 0.016146 0.027778
0 0.466016 0.405093 0.015885 0.031481
0 0.467969 0.449537 0.016667 0.02963
0 0.663802 0.024074 0.017188 0.031481
0 0.665104 0.073148 0.017708 0.031481
0 0.667969 0.12338 0.015625 0.033796
0 0.670182 0.171296 0.015365 0.032407
0 0.672135 0.22037 0.016146 0.032407
0 0.674089 0.268981 0.015365 0.031481
0 0.676953 0.316898 0.013281 0.03287
0 0.678516 0.363426 0.015365 0.030556
0 0.68125 0.410648 0.015625 0.032407
