0 0.61328125 0.9114583333333333 0.01171875 0.014322916666666666
0 0.624267578125 0.8889973958333333 0.01123046875 0.014973958333333332
0 0.63525390625 0.8649088541666666 0.01171875 0.016276041666666664
0 0.646728515625 0.8411458333333333 0.01220703125 0.014322916666666666
0 0.657470703125 0.818359375 0.01220703125 0.014322916666666666
0 0.6689453125 0.7955729166666666 0.01171875 0.013020833333333332
0 0.679443359375 0.7724609375 0.01123046875 0.012369791666666666
0 0.69091796875 0.7483723958333333 0.01171875 0.014973958333333332
0 0.70263671875 0.7255859375 0.01171875 0.013671875
0 0.713623046875 0.7024739583333333 0.01220703125 0.014322916666666666
0 0.72509765625 0.6796875 0.0107421875 0.014322916666666666
0 0.736083984375 0.6555989583333333 0.01123046875 0.014322916666666666
0 0.7470703125 0.6318359375 0.0107421875 0.013671875
0 0.758544921875 0.609375 0.01025390625 0.014322916666666666
0 0.770263671875 0.5852864583333333 0.01025390625 0.014322916666666666
0 0.7822265625 0.5621744791666666 0.009765625 0.013671875
0 0.79345703125 0.5387369791666666 0.0107421875 0.016276041666666664
0 0.805419921875 0.5149739583333333 0.01025390625 0.015625
0 0.817626953125 0.4912109375 0.01220703125 0.014973958333333332
0 0.517822265625 0.8304036458333333 0.01025390625 0.014973958333333332
0 0.528564453125 0.8082682291666666 0.01025390625 0.013671875
0 0.540283203125 0.7841796875 0.01025390625 0.012369791666666666
0 0.550537109375 0.76171875 0.01123046875 0.013020833333333332
0 0.5615234375 0.7376302083333333 0.0107421875 0.013020833333333332
0 0.572998046875 0.71484375 0.01025390625 0.014322916666666666
0 0.58349609375 0.6910807291666666 0.0107421875 0.014973958333333332
0 0.594970703125 0.6682942708333333 0.01123046875 0.013671875
0 0.60595703125 0.6448567708333333 0.0107421875 0.014973958333333332
0 0.616943359375 0.6220703125 0.01123046875 0.013671875
0 0.62744140625 0.5979817708333333 0.0107421875 0.014973958333333332
0 0.63916015625 0.5748697916666666 0.009765625 0.014322916666666666
0 0.650634765625 0.5520833333333333 0.01123046875 0.013020833333333332
0 0.661865234375 0.5286458333333333 0.01025390625 0.014322916666666666
0 0.6728515625 0.5052083333333333 0.009765625 0.013020833333333332
0 0.684326171875 0.48111979166666663 0.01123046875 0.014322916666666666
0 0.69580078125 0.45768229166666663 0.0107421875 0.014322916666666666
0 0.70751953125 0.43359375 0.0107421875 0.014322916666666666
0 0.718994140625 0.41015625 0.01220703125 0.015625
