0 0.634033203125 0.40234375 0.01123046875 0.014322916666666666
0 0.638916015625 0.42936197916666663 0.01123046875 0.013671875
0 0.64501953125 0.45670572916666663 0.0107421875 0.012369791666666666
0 0.64990234375 0.48307291666666663 0.0107421875 0.013020833333333332
0 0.655029296875 0.5100911458333333 0.01025390625 0.013671875
0 0.6611328125 0.5367838541666666 0.0087890625 0.012369791666666666
0 0.666259765625 0.5638020833333333 0.01220703125 0.013020833333333332
0 0.671142578125 0.5901692708333333 0.01123046875 0.013671875
0 0.677001953125 0.6171875 0.01123046875 0.013020833333333332
0 0.681640625 0.6435546875 0.009765625 0.013671875
0 0.68701171875 0.6705729166666666 0.0107421875 0.013020833333333332
0 0.692626953125 0.697265625 0.01220703125 0.014322916666666666
0 0.69775390625 0.7239583333333333 0.01171875 0.014322916666666666
0 0.703125 0.7509765625 0.01171875 0.013671875
0 0.70849609375 0.77734375 0.0107421875 0.014322916666666666
0 0.714111328125 0.8040364583333333 0.01123046875 0.013020833333333332
0 0.71923828125 0.8313802083333333 0.01171875 0.014322916666666666
0 0.72412109375 0.8577473958333333 0.01171875 0.012369791666666666
0 0.729736328125 0.8834635416666666 0.01025390625 0.014322916666666666
0 0.74609375 0.36197916666666663 0.0107421875 0.014322916666666666
0 0.751708984375 0.3889973958333333 0.01220703125 0.013671875
0 0.756591796875 0.4163411458333333 0.01025390625 0.013671875
0 0.762451171875 0.44303385416666663 0.01123046875 0.013671875
0 0.76708984375 0.47037760416666663 0.01171875 0.013671875
0 0.772705078125 0.49674479166666663 0.01123046875 0.014322916666666666
0 0.777587890625 0.5244140625 0.01123046875 0.013671875
0 0.783447265625 0.5517578125 0.01123046875 0.013671875
0 0.78857421875 0.5791015625 0.0107421875 0.012369791666666666
0 0.7939453125 0.60546875 0.0107421875 0.013020833333333332
0 0.799072265625 0.6328125 0.01123046875 0.013020833333333332
0 0.803955078125 0.6598307291666666 0.01025390625 0.012369791666666666
0 0.809326171875 0.6861979166666666 0.01123046875 0.013020833333333332
0 0.814208984375 0.7132161458333333 0.01220703125 0.014973958333333332
0 0.819580078125 0.7392578125 0.01123046875 0.013671875
0 0.82421875 0.765625 0.01171875 0.014322916666666666
0 0.829833984375 0.79296875 0.01123046875 0.013020833333333332
0 0.834716796875 0.8190104166666666 0.01123046875 0.013020833333333332
0 0.83935546875 0.845703125 0.0107421875 0.015625
