0 0.571354 0.138889 0.018229 0.036111
0 0.581641 0.183333 0.01901 0.037037
0 0.592578 0.228472 0.016927 0.036574
0 0.602865 0.271991 0.018229 0.034722
0 0.613542 0.314815 0.019271 0.036111
0 0.624089 0.358796 0.017448 0.037963
0 0.634635 0.402315 0.01875 0.036111
0 0.645312 0.445833 0.01875 0.036111
0 0.65599 0.487037 0.01875 0.038889
0 0.373828 0.296528 0.019531 0.036574
0 0.385286 0.340741 0.017969 0.036111
0 0.397005 0.384491 0.017969 0.033796
0 0.407161 0.428472 0.01849 0.034722
0 0.418359 0.471065 0.017969 0.03287
0 0.429297 0.513194 0.016927 0.033796
0 0.439583 0.555093 0.018229 0.033333
0 0.450781 0.597454 0.017188 0.034722
0 0.461328 0.640278 0.01849 0.032407
