0 0.111328 0.049769 0.016927 0.031019
0 0.112109 0.100231 0.015365 0.03287
0 0.112891 0.146528 0.014844 0.029167
0 0.114062 0.196065 0.013542 0.033796
0 0.114844 0.243287 0.013021 0.029167
0 0.117057 0.291435 0.015365 0.03287
0 0.118099 0.338889 0.015365 0.032407
0 0.118359 0.388657 0.016927 0.030093
0 0.119661 0.433102 0.015365 0.033796
0 0.327474 0.044676 0.015365 0.03287
0 0.328646 0.093287 0.016146 0.031944
0 0.329297 0.141898 0.015365 0.031019
0 0.329818 0.190046 0.015365 0.031944
0 0.33138 0.238194 0.015365 0.030093
0 0.331901 0.284954 0.014323 0.031019
0 0.332161 0.334028 0.015885 0.028241
0 0.332943 0.378935 0.014323 0.031019
0 0.334245 0.428704 0.016927 0.033333
