0 0.54931640625 0.7916666666666666 0.01171875 0.014322916666666666
0 0.5625 0.7708333333333333 0.01171875 0.014322916666666666
0 0.574951171875 0.7496744791666666 0.01123046875 0.014973958333333332
0 0.58837890625 0.7281901041666666 0.0107421875 0.013671875
0 0.60107421875 0.7067057291666666 0.0107421875 0.013671875
0 0.61474609375 0.6852213541666666 0.009765625 0.014973958333333332
0 0.627197265625 0.6640625 0.01123046875 0.014322916666666666
0 0.640625 0.6422526041666666 0.01171875 0.013671875
0 0.653564453125 0.6217447916666666 0.01025390625 0.014322916666666666
0 0.6669921875 0.599609375 0.01171875 0.014322916666666666
0 0.679931640625 0.5774739583333333 0.01025390625 0.014322916666666666
0 0.693359375 0.5563151041666666 0.01171875 0.013671875
0 0.70654296875 0.5348307291666666 0.01171875 0.013671875
0 0.72021484375 0.5130208333333333 0.0107421875 0.014322916666666666
0 0.734130859375 0.49088541666666663 0.01123046875 0.014322916666666666
0 0.7470703125 0.4690755208333333 0.0126953125 0.013671875
0 0.760986328125 0.447265625 0.01220703125 0.014322916666666666
0 0.774658203125 0.42578125 0.01220703125 0.014322916666666666
0 0.787353515625 0.4036458333333333 0.01123046875 0.014322916666666666
0 0.698486328125 0.3076171875 0.01318359375 0.014973958333333332
0 0.68408203125 0.32975260416666663 0.0126953125 0.014973958333333332
0 0.670654296875 0.35221354166666663 0.01220703125 0.014322916666666666
0 0.657470703125 0.3740234375 0.01123046875 0.013671875
0 0.643798828125 0.39615885416666663 0.01220703125 0.013671875
0 0.63037109375 0.41764322916666663 0.01171875 0.014973958333333332
0 0.616943359375 0.44010416666666663 0.01123046875 0.014322916666666666
0 0.603759765625 0.46158854166666663 0.01123046875 0.015625
0 0.59130859375 0.4837239583333333 0.0107421875 0.013020833333333332
0 0.578125 0.5045572916666666 0.0107421875 0.014322916666666666
0 0.564453125 0.5266927083333333 0.0107421875 0.014322916666666666
0 0.5517578125 0.5481770833333333 0.0107421875 0.014322916666666666
0 0.538818359375 0.5696614583333333 0.01025390625 0.014322916666666666
0 0.5263671875 0.5908203125 0.0107421875 0.013671875
0 0.51318359375 0.6126302083333333 0.0107421875 0.013020833333333332
0 0.50048828125 0.6334635416666666 0.009765625 0.014322916666666666
0 0.488037109375 0.6549479166666666 0.01123046875 0.013020833333333332
0 0.474365234375 0.6764322916666666 0.01123046875 0.013020833333333332
0 0.46142578125 0.6975911458333333 0.0107421875 0.013671875
