0 0.35595703125 0.390625 0.0107421875 0.014322916666666666
0 0.37255859375 0.408203125 0.009765625 0.013020833333333332
0 0.388671875 0.42545572916666663 0.01171875 0.014973958333333332
0 0.405029296875 0.4423828125 0.01123046875 0.014973958333333332
0 0.421142578125 0.45963541666666663 0.01220703125 0.014322916666666666
0 0.437744140625 0.47721354166666663 0.01123046875 0.015625
0 0.453125 0.4944661458333333 0.0107421875 0.013671875
0 0.46923828125 0.5120442708333333 0.0107421875 0.013671875
0 0.4853515625 0.5289713541666666 0.009765625 0.013671875
0 0.501220703125 0.5465494791666666 0.01123046875 0.013671875
0 0.517822265625 0.5638020833333333 0.01025390625 0.013020833333333332
0 0.284423828125 0.5087890625 0.01025390625 0.014973958333333332
0 0.30126953125 0.525390625 0.0126953125 0.014322916666666666
0 0.317626953125 0.5426432291666666 0.01123046875 0.014973958333333332
0 0.334228515625 0.5598958333333333 0.01123046875 0.014322916666666666
0 0.3505859375 0.5771484375 0.01171875 0.013671875
0 0.366455078125 0.5940755208333333 0.01123046875 0.013671875
0 0.3828125 0.6116536458333333 0.01171875 0.013671875
0 0.39892578125 0.6282552083333333 0.0107421875 0.014322916666666666
0 0.4150390625 0.6458333333333333 0.0107421875 0.014322916666666666
0 0.431396484375 0.6634114583333333 0.01025390625 0.013020833333333332
0 0.447509765625 0.6803385416666666 0.01123046875 0.013020833333333332
0 0.46337890625 0.6975911458333333 0.0107421875 0.014973958333333332
0 0.5341796875 0.5804036458333333 0.0107421875 0.013671875
0 0.550048828125 0.5979817708333333 0.01123046875 0.013671875
0 0.56591796875 0.6155598958333333 0.01171875 0.014973958333333332
0 0.58203125 0.6324869791666666 0.0107421875 0.014973958333333332
0 0.598388671875 0.6507161458333333 0.01025390625 0.013671875
0 0.614501953125 0.6676432291666666 0.01123046875 0.014973958333333332
0 0.630859375 0.6848958333333333 0.0107421875 0.014322916666666666
0 0.646728515625 0.7018229166666666 0.01123046875 0.013020833333333332
0 0.47998046875 0.7145182291666666 0.01171875 0.013671875
0 0.495849609375 0.7317708333333333 0.01123046875 0.013020833333333332
0 0.51123046875 0.7490234375 0.0107421875 0.014973958333333332
0 0.52783203125 0.7662760416666666 0.01171875 0.015625
0 0.543701171875 0.7838541666666666 0.01123046875 0.015625
0 0.56005859375 0.8014322916666666 0.01171875 0.014322916666666666
0 0.575927734375 0.8180338541666666 0.01123046875 0.013671875
