0 0.410938 0.486111 0.014063 0.030556
0 0.410547 0.533796 0.013802 0.02963
0 0.409375 0.580324 0.013542 0.028241
0 0.410156 0.627778 0.015625 0.034259
0 0.409245 0.673148 0.013802 0.028704
0 0.409245 0.719213 0.013802 0.031019
0 0.409245 0.766435 0.013802 0.030093
0 0.409115 0.812037 0.013542 0.033333
0 0.408464 0.857407 0.01224 0.028704
0 0.623307 0.491435 0.014844 0.031944
0 0.622396 0.537037 0.014063 0.032407
0 0.621094 0.582407 0.013021 0.030556
0 0.620964 0.629398 0.014844 0.031019
0 0.620833 0.677083 0.014583 0.031944
0 0.620573 0.722917 0.013021 0.031944
0 0.620313 0.77037 0.013542 0.028704
0 0.619661 0.817593 0.01224 0.028704
0 0.620443 0.862269 0.014323 0.031019
