0 0.415365 0.234028 0.019792 0.035648
0 0.43151 0.271528 0.022396 0.03287
0 0.448568 0.311806 0.020573 0.031944
0 0.463672 0.350463 0.017448 0.036111
0 0.478646 0.388657 0.019792 0.0375
0 0.494792 0.424306 0.019792 0.038426
0 0.510286 0.4625 0.021094 0.039815
0 0.526432 0.5 0.021094 0.035185
0 0.541927 0.538657 0.019792 0.031019
0 0.716667 0.309722 0.020313 0.034259
0 0.701693 0.271065 0.021615 0.036574
0 0.685026 0.234028 0.020573 0.0375
0 0.66849 0.194213 0.022396 0.03287
0 0.653646 0.15625 0.019792 0.036574
0 0.636849 0.11875 0.021094 0.036574
0 0.621745 0.076157 0.020573 0.0375
0 0.605859 0.035417 0.022135 0.03287
