0 0.638427734375 0.39127604166666663 0.01123046875 0.014322916666666666
0 0.62109375 0.40690104166666663 0.01171875 0.014322916666666666
0 0.603515625 0.4228515625 0.01171875 0.013671875
0 0.585693359375 0.4384765625 0.01123046875 0.013671875
0 0.568115234375 0.453125 0.01123046875 0.014322916666666666
0 0.550537109375 0.46842447916666663 0.01123046875 0.014973958333333332
0 0.533203125 0.4837239583333333 0.0107421875 0.01171875
0 0.51611328125 0.498046875 0.0107421875 0.013020833333333332
0 0.4990234375 0.5126953125 0.01171875 0.013671875
0 0.4814453125 0.5286458333333333 0.0107421875 0.014322916666666666
0 0.4638671875 0.5442708333333333 0.0107421875 0.014322916666666666
0 0.447265625 0.55859375 0.0107421875 0.013020833333333332
0 0.429443359375 0.5738932291666666 0.01025390625 0.013671875
0 0.411865234375 0.5891927083333333 0.01123046875 0.013020833333333332
0 0.39501953125 0.6038411458333333 0.0107421875 0.013671875
0 0.37744140625 0.619140625 0.01171875 0.014322916666666666
0 0.3603515625 0.6337890625 0.0107421875 0.012369791666666666
0 0.34326171875 0.6494140625 0.01171875 0.013671875
0 0.325927734375 0.6643880208333333 0.01123046875 0.012369791666666666
0 0.387451171875 0.7890625 0.01123046875 0.013020833333333332
0 0.40478515625 0.7747395833333333 0.01171875 0.013020833333333332
0 0.42236328125 0.7591145833333333 0.0107421875 0.013020833333333332
0 0.439697265625 0.744140625 0.01123046875 0.014322916666666666
0 0.457275390625 0.7291666666666666 0.01123046875 0.013020833333333332
0 0.47412109375 0.7138671875 0.0107421875 0.013671875
0 0.49072265625 0.6988932291666666 0.0107421875 0.013671875
0 0.508544921875 0.6845703125 0.01025390625 0.013671875
0 0.525634765625 0.6692708333333333 0.01025390625 0.013020833333333332
0 0.54345703125 0.654296875 0.0107421875 0.014322916666666666
0 0.560302734375 0.6393229166666666 0.01025390625 0.014322916666666666
0 0.57763671875 0.6246744791666666 0.0107421875 0.013671875
0 0.59521484375 0.6103515625 0.009765625 0.013671875
0 0.6123046875 0.5947265625 0.01171875 0.013671875
0 0.630126953125 0.5791015625 0.01025390625 0.013671875
0 0.64794921875 0.5647786458333333 0.0107421875 0.013671875
0 0.66552734375 0.5491536458333333 0.0107421875 0.013671875
0 0.6826171875 0.5335286458333333 0.01171875 0.014973958333333332
0 0.7001953125 0.5188802083333333 0.01171875 0.014322916666666666
