0 0.329818 0.218287 0.01849 0.035648
0 0.31888 0.259722 0.01901 0.037963
0 0.308333 0.306019 0.020313 0.034259
0 0.296224 0.347685 0.01849 0.033333
0 0.286719 0.389583 0.017188 0.031944
0 0.274349 0.433102 0.020052 0.036574
0 0.263932 0.475 0.017969 0.036111
0 0.252734 0.518056 0.016927 0.034259
0 0.241667 0.558565 0.019271 0.035648
0 0.523307 0.383102 0.01849 0.034722
0 0.51276 0.424537 0.017708 0.034259
0 0.501432 0.466898 0.01901 0.034722
0 0.489714 0.50787 0.017969 0.034259
0 0.478776 0.550926 0.01849 0.035185
0 0.467448 0.592824 0.017708 0.036574
0 0.45638 0.634722 0.01849 0.033333
0 0.444922 0.676852 0.020573 0.034259
0 0.433854 0.719444 0.017188 0.037037
