0 0.431901 0.1 0.01849 0.035185
0 0.420833 0.143519 0.019271 0.035185
0 0.409635 0.188657 0.018229 0.039352
0 0.397917 0.231481 0.017708 0.034259
0 0.386458 0.275463 0.017188 0.035185
0 0.376302 0.317361 0.016667 0.034722
0 0.364323 0.359722 0.018229 0.036111
0 0.353776 0.404398 0.019531 0.033796
0 0.342708 0.446296 0.017188 0.032407
0 0.626432 0.265741 0.01849 0.035185
0 0.614453 0.308333 0.019531 0.035185
0 0.602474 0.351852 0.01901 0.035185
0 0.590885 0.39537 0.01875 0.033333
0 0.578646 0.438194 0.01875 0.034722
0 0.567578 0.479398 0.017448 0.031944
0 0.55625 0.522685 0.019271 0.030556
0 0.545052 0.565046 0.017708 0.033796
0 0.533984 0.608102 0.017448 0.033796
