0 0.421224 0.042361 0.017448 0.033796
0 0.429427 0.088426 0.019271 0.035185
0 0.437891 0.134028 0.017448 0.035648
0 0.446354 0.180787 0.016667 0.03287
0 0.454687 0.224769 0.018229 0.034722
0 0.464453 0.271065 0.017969 0.03287
0 0.472786 0.316667 0.016927 0.031481
0 0.48125 0.361574 0.016667 0.035185
0 0.489323 0.404398 0.016146 0.033796
0 0.216276 0.16713 0.017448 0.035185
0 0.225911 0.211806 0.017969 0.034722
0 0.235807 0.257176 0.017969 0.034722
0 0.24401 0.303704 0.016667 0.032407
0 0.253255 0.349306 0.016927 0.031944
0 0.26263 0.393519 0.017448 0.035185
0 0.271354 0.437731 0.016667 0.034722
0 0.280078 0.482639 0.016927 0.033796
0 0.289583 0.52662 0.017708 0.033796
