0 0.549072265625 0.24674479166666666 0.01318359375 0.015625
0 0.559814453125 0.2708333333333333 0.01220703125 0.014322916666666666
0 0.570556640625 0.29557291666666663 0.01220703125 0.014322916666666666
0 0.58056640625 0.3196614583333333 0.0107421875 0.014322916666666666
0 0.591796875 0.3427734375 0.01171875 0.013671875
0 0.60205078125 0.3675130208333333 0.01171875 0.014973958333333332
0 0.6123046875 0.390625 0.01171875 0.015625
0 0.623291015625 0.41569010416666663 0.01123046875 0.013671875
0 0.634033203125 0.439453125 0.01025390625 0.015625
0 0.64453125 0.4638671875 0.0107421875 0.014973958333333332
0 0.655029296875 0.4876302083333333 0.01025390625 0.014322916666666666
0 0.66552734375 0.51171875 0.0107421875 0.015625
0 0.675537109375 0.5358072916666666 0.01025390625 0.015625
0 0.686767578125 0.55859375 0.01123046875 0.016927083333333332
0 0.69775390625 0.5833333333333333 0.0107421875 0.015625
0 0.7080078125 0.6064453125 0.0107421875 0.016276041666666664
0 0.718994140625 0.6302083333333333 0.01025390625 0.014322916666666666
0 0.729736328125 0.654296875 0.01123046875 0.015625
0 0.73974609375 0.6783854166666666 0.01171875 0.015625
0 0.64111328125 0.75390625 0.01171875 0.014322916666666666
0 0.630859375 0.7301432291666666 0.01171875 0.013671875
0 0.619873046875 0.7063802083333333 0.01123046875 0.013020833333333332
0 0.609619140625 0.68359375 0.01025390625 0.013020833333333332
0 0.598388671875 0.6595052083333333 0.01025390625 0.014322916666666666
0 0.58837890625 0.634765625 0.01171875 0.013020833333333332
0 0.577392578125 0.611328125 0.01025390625 0.013020833333333332
0 0.567138671875 0.5888671875 0.01025390625 0.013671875
0 0.55615234375 0.5641276041666666 0.0107421875 0.012369791666666666
0 0.546142578125 0.5403645833333333 0.01123046875 0.013020833333333332
0 0.535888671875 0.5172526041666666 0.01123046875 0.013671875
0 0.525146484375 0.49283854166666663 0.01123046875 0.014322916666666666
0 0.5146484375 0.46940104166666663 0.0107421875 0.013020833333333332
0 0.50390625 0.4453125 0.0126953125 0.013020833333333332
0 0.492919921875 0.42252604166666663 0.01220703125 0.015625
0 0.482421875 0.39713541666666663 0.0126953125 0.015625
0 0.47216796875 0.3740234375 0.0126953125 0.013671875
0 0.461181640625 0.3499348958333333 0.01123046875 0.014973958333333332
0 0.45068359375 0.32486979166666663 0.01171875 0.015625
