0 0.445068359375 0.3284505208333333 0.01025390625 0.014973958333333332
0 0.46337890625 0.341796875 0.0107421875 0.014322916666666666
0 0.4814453125 0.35514322916666663 0.0107421875 0.013671875
0 0.499755859375 0.3671875 0.01123046875 0.014322916666666666
0 0.51806640625 0.38053385416666663 0.0107421875 0.014973958333333332
0 0.536376953125 0.39420572916666663 0.01025390625 0.014973958333333332
0 0.5546875 0.4075520833333333 0.01171875 0.014322916666666666
0 0.39208984375 0.46256510416666663 0.0107421875 0.012369791666666666
0 0.41064453125 0.4749348958333333 0.0107421875 0.013671875
0 0.428466796875 0.48893229166666663 0.01123046875 0.014322916666666666
0 0.446533203125 0.5013020833333333 0.01123046875 0.014322916666666666
0 0.464599609375 0.5139973958333333 0.01123046875 0.014973958333333332
0 0.482177734375 0.52734375 0.01123046875 0.014322916666666666
0 0.501220703125 0.5400390625 0.01123046875 0.014973958333333332
0 0.519775390625 0.5533854166666666 0.01025390625 0.014322916666666666
0 0.537353515625 0.5667317708333333 0.01123046875 0.014973958333333332
0 0.55517578125 0.5797526041666666 0.01171875 0.013671875
0 0.57373046875 0.5924479166666666 0.01171875 0.014322916666666666
0 0.592041015625 0.6057942708333333 0.01025390625 0.012369791666666666
0 0.610107421875 0.6188151041666666 0.01220703125 0.013671875
0 0.572998046875 0.4208984375 0.01123046875 0.013671875
0 0.591796875 0.4339192708333333 0.0107421875 0.013671875
0 0.609619140625 0.44694010416666663 0.01123046875 0.013671875
0 0.62841796875 0.4599609375 0.01171875 0.012369791666666666
0 0.64697265625 0.47330729166666663 0.01171875 0.015625
0 0.665283203125 0.4866536458333333 0.01123046875 0.014973958333333332
0 0.683349609375 0.4993489583333333 0.01123046875 0.014322916666666666
0 0.7021484375 0.5126953125 0.0107421875 0.013671875
0 0.720947265625 0.5260416666666666 0.01123046875 0.013020833333333332
0 0.739013671875 0.5397135416666666 0.01123046875 0.014322916666666666
0 0.757568359375 0.5524088541666666 0.01220703125 0.013671875
0 0.7763671875 0.5657552083333333 0.0126953125 0.014322916666666666
0 0.62841796875 0.6321614583333333 0.01171875 0.013020833333333332
0 0.647216796875 0.64453125 0.01220703125 0.014322916666666666
0 0.66552734375 0.6588541666666666 0.0107421875 0.015625
0 0.683837890625 0.671875 0.01220703125 0.014322916666666666
0 0.7021484375 0.6852213541666666 0.01171875 0.013671875
0 0.720947265625 0.6985677083333333 0.01123046875 0.015625
