0 0.324462890625 0.4759114583333333 0.01025390625 0.013020833333333332
0 0.34423828125 0.470703125 0.01171875 0.014322916666666666
0 0.36474609375 0.46451822916666663 0.0107421875 0.013671875
0 0.385009765625 0.458984375 0.01025390625 0.014322916666666666
0 0.406005859375 0.45377604166666663 0.01123046875 0.014322916666666666
0 0.426025390625 0.44791666666666663 0.01220703125 0.014322916666666666
0 0.4462890625 0.4417317708333333 0.0107421875 0.013671875
0 0.466552734375 0.43619791666666663 0.01220703125 0.014322916666666666
0 0.486572265625 0.4296875 0.01123046875 0.015625
0 0.507080078125 0.4241536458333333 0.01123046875 0.012369791666666666
0 0.526611328125 0.4192708333333333 0.01123046875 0.014322916666666666
0 0.347900390625 0.623046875 0.01220703125 0.015625
0 0.36865234375 0.6171875 0.01171875 0.013020833333333332
0 0.388427734375 0.6116536458333333 0.01220703125 0.013671875
0 0.40869140625 0.6064453125 0.0107421875 0.013671875
0 0.42919921875 0.6009114583333333 0.01171875 0.014322916666666666
0 0.448974609375 0.5944010416666666 0.01220703125 0.014322916666666666
0 0.4697265625 0.5885416666666666 0.0107421875 0.013020833333333332
0 0.4892578125 0.5830078125 0.0126953125 0.014973958333333332
0 0.509765625 0.5771484375 0.013671875 0.014973958333333332
0 0.530029296875 0.572265625 0.01123046875 0.015625
0 0.550048828125 0.5660807291666666 0.01220703125 0.014973958333333332
0 0.5478515625 0.4124348958333333 0.0126953125 0.014973958333333332
0 0.568603515625 0.40690104166666663 0.01220703125 0.014322916666666666
0 0.588623046875 0.4016927083333333 0.01123046875 0.014322916666666666
0 0.60888671875 0.3958333333333333 0.01171875 0.014322916666666666
0 0.63037109375 0.3896484375 0.0126953125 0.016276041666666664
0 0.650634765625 0.3837890625 0.01123046875 0.014973958333333332
0 0.671630859375 0.3782552083333333 0.01123046875 0.014322916666666666
0 0.692626953125 0.3720703125 0.01123046875 0.013671875
0 0.571044921875 0.560546875 0.01123046875 0.014322916666666666
0 0.591796875 0.5550130208333333 0.01171875 0.014973958333333332
0 0.61181640625 0.5494791666666666 0.0107421875 0.013020833333333332
0 0.63232421875 0.5436197916666666 0.01171875 0.014322916666666666
0 0.65234375 0.5390625 0.0107421875 0.014322916666666666
0 0.673583984375 0.5328776041666666 0.01220703125 0.014973958333333332
0 0.693603515625 0.5270182291666666 0.01123046875 0.014973958333333332
0 0.71484375 0.5218098958333333 0.01171875 0.014973958333333332
