0 0.317448 0.067593 0.014063 0.033333
0 0.317708 0.115278 0.014583 0.034259
0 0.31849 0.164815 0.013021 0.031481
0 0.318099 0.2125 0.01276 0.028704
0 0.317839 0.261806 0.013281 0.031019
0 0.318359 0.309491 0.013281 0.030093
0 0.317578 0.356019 0.013281 0.033333
0 0.318099 0.404398 0.01276 0.029167
0 0.318099 0.450694 0.01276 0.030093
0 0.534375 0.074074 0.013021 0.030556
0 0.533984 0.121991 0.013802 0.03287
0 0.533333 0.172454 0.0125 0.033796
0 0.533073 0.219676 0.014063 0.031019
0 0.532031 0.267824 0.014583 0.031019
0 0.53138 0.315278 0.014844 0.032407
0 0.530859 0.36412 0.013802 0.031944
0 0.530208 0.411111 0.014583 0.032407
0 0.529427 0.457639 0.013542 0.031944
